10.00 0.01
10.00 0.01
10.00 0.01
10.00 0.01
10.00 0.01
10.00 0.01
10.00 0.01
10.00 0.01
10.00 0.01
10.00 0.01
10.00 0.01
10.00 0.01
10.00 0.01
10.00 0.01
10.00 0.01
10.00 0.01
10.00 0.01
10.00 0.01
10.00 0.01
10.00 0.01
10.00 0.01
10.00 0.01
10.00 0.01
10.00 0.01
10.00 0.01
10.00 0.01
10.00 0.01
10.00 0.01
10.00 0.01
10.00 0.01
10.00 0.01
10.00 0.01
10.00 0.01
10.00 0.01
10.00 0.01
10.00 0.01
10.00 0.01
10.00 0.02
10.00 0.02
10.00 0.02
10.00 0.02
10.00 0.02
10.00 0.02
10.00 0.02
10.00 0.02
10.00 0.02
10.00 0.02
10.00 0.02
10.00 0.02
10.00 0.02
10.00 0.02
10.00 0.02
10.00 0.02
10.00 0.02
10.00 0.02
10.00 0.03
10.00 0.03
10.00 0.03
10.00 0.03
10.00 0.03
10.00 0.03
10.00 0.03
10.00 0.03
10.00 0.03
10.00 0.03
10.00 0.03
10.00 0.03
10.00 0.04
10.00 0.04
10.00 0.04
10.00 0.04
10.00 0.04
10.00 0.04
10.00 0.04
10.00 0.04
10.00 0.05
10.00 0.05
10.00 0.05
10.00 0.05
10.00 0.05
10.00 0.05
10.00 0.05
10.00 0.05
10.00 0.05
10.00 0.06
10.00 0.06
10.00 0.06
10.00 0.06
10.00 0.06
10.00 0.06
10.00 0.06
10.00 0.07
10.00 0.07
10.00 0.07
10.00 0.07
10.00 0.07
10.00 0.07
10.00 0.07
10.00 0.07
10.00 0.08
10.00 0.08
10.00 0.08
10.00 0.08
10.00 0.08
10.00 0.09
10.00 0.09
10.00 0.09
10.00 0.09
10.00 0.09
10.00 0.10
10.00 0.10
10.00 0.10
10.00 0.10
10.00 0.10
10.00 0.10
10.00 0.10
10.00 0.11
10.00 0.11
10.00 0.11
10.00 0.11
10.00 0.11
10.00 0.12
10.00 0.12
10.00 0.12
10.00 0.12
10.00 0.13
10.00 0.13
10.00 0.13
10.00 0.13
10.00 0.13
10.00 0.14
10.00 0.14
10.00 0.14
10.00 0.14
10.00 0.14
10.00 0.15
10.00 0.15
10.00 0.15
10.00 0.16
10.00 0.16
10.00 0.16
10.00 0.16
10.00 0.17
10.00 0.17
10.00 0.17
10.00 0.17
10.00 0.17
10.00 0.18
10.00 0.18
10.00 0.18
10.00 0.18
10.00 0.18
10.00 0.19
10.00 0.19
10.00 0.20
10.00 0.20
10.00 0.20
10.00 0.20
10.00 0.21
10.00 0.21
10.00 0.21
10.00 0.21
10.00 0.21
10.00 0.22
10.00 0.22
10.00 0.22
10.00 0.23
10.00 0.23
10.00 0.23
10.00 0.23
10.00 0.24
10.00 0.24
10.00 0.25
10.00 0.25
10.00 0.25
10.00 0.25
10.00 0.26
10.00 0.26
10.00 0.26
10.00 0.27
10.00 0.27
10.00 0.27
10.00 0.28
10.00 0.28
10.00 0.28
10.00 0.29
10.00 0.29
10.00 0.29
10.00 0.29
10.00 0.30
10.00 0.30
10.00 0.30
10.00 0.31
10.00 0.31
10.00 0.31
10.00 0.31
10.00 0.32
10.00 0.32
10.00 0.33
10.00 0.33
10.00 0.33
10.00 0.34
10.00 0.34
10.00 0.34
10.00 0.35
10.00 0.35
10.00 0.35
10.00 0.36
10.00 0.36
10.00 0.36
10.00 0.37
10.00 0.37
10.00 0.38
10.00 0.38
10.00 0.38
10.00 0.39
10.00 0.39
10.00 0.39
10.00 0.40
10.00 0.40
10.00 0.40
10.00 0.40
10.00 0.40
10.00 0.41
10.00 0.41
10.00 0.41
10.00 0.42
10.00 0.43
10.00 0.43
10.00 0.44
10.00 0.44
10.00 0.44
10.00 0.45
10.00 0.45
10.00 0.45
10.00 0.46
10.00 0.46
10.00 0.46
10.00 0.47
10.00 0.47
10.00 0.47
10.00 0.48
10.00 0.48
10.00 0.49
10.00 0.50
10.00 0.50
10.00 0.50
10.00 0.50
10.00 0.51
10.00 0.51
10.00 0.51
10.00 0.52
10.00 0.53
10.00 0.53
10.00 0.53
10.00 0.53
10.00 0.54
10.00 0.54
10.00 0.54
10.00 0.55
10.00 0.56
10.00 0.56
10.00 0.56
10.00 0.56
10.00 0.57
10.00 0.57
10.00 0.58
10.00 0.59
10.00 0.59
10.00 0.59
10.00 0.60
10.00 0.61
10.00 0.61
10.00 0.61
10.00 0.61
10.00 0.62
10.00 0.62
10.00 0.62
10.00 0.63
10.00 0.63
10.00 0.64
10.00 0.64
10.00 0.64
10.00 0.65
10.00 0.65
10.00 0.65
10.00 0.66
10.00 0.66
10.00 0.66
10.00 0.67
10.00 0.67
10.00 0.67
10.00 0.68
10.00 0.68
10.00 0.68
10.00 0.68
10.00 0.69
10.00 0.69
10.00 0.69
10.00 0.69
10.00 0.69
10.00 0.69
10.00 0.69
10.00 0.69
10.00 0.70
10.00 0.72
10.00 0.73
10.00 0.74
10.00 0.74
10.00 0.74
10.00 0.75
10.00 0.75
10.00 0.76
10.00 0.77
10.00 0.77
10.00 0.77
10.00 0.78
10.00 0.78
10.00 0.79
10.00 0.79
10.00 0.79
10.00 0.80
10.00 0.81
10.00 0.81
10.00 0.81
10.00 0.82
10.00 0.82
10.00 0.83
10.00 0.83
10.00 0.83
10.00 0.84
10.00 0.85
10.00 0.85
10.00 0.86
10.00 0.86
10.00 0.87
10.00 0.87
10.00 0.87
10.00 0.88
10.00 0.89
10.00 0.89
10.00 0.90
10.00 0.91
10.00 0.91
10.00 0.91
10.00 0.91
10.00 0.92
10.00 0.93
10.00 0.93
10.00 0.94
10.00 0.94
10.00 0.94
10.00 0.94
10.00 0.95
10.00 0.95
10.00 0.95
10.00 0.95
10.00 0.95
10.00 0.95
10.00 0.96
10.00 0.96
10.00 0.97
10.00 0.97
10.00 0.98
10.00 0.98
10.00 0.99
10.00 0.99
10.00 0.99
10.00 0.99
10.00 1.01
10.00 1.02
10.00 1.02
10.00 1.03
10.00 1.03
10.00 1.04
10.00 1.04
10.00 1.05
10.00 1.05
10.00 1.06
10.00 1.06
10.00 1.07
10.00 1.08
10.00 1.09
10.00 1.09
10.00 1.10
10.00 1.10
10.00 1.11
10.00 1.12
10.00 1.12
10.00 1.13
10.00 1.14
10.00 1.14
10.00 1.15
10.00 1.15
10.00 1.16
10.00 1.16
10.00 1.16
10.00 1.17
10.00 1.17
10.00 1.18
10.00 1.19
10.00 1.19
10.00 1.20
10.00 1.21
10.00 1.21
10.00 1.21
10.00 1.21
10.00 1.22
10.00 1.23
10.00 1.23
10.00 1.24
10.00 1.25
10.00 1.26
10.00 1.27
10.00 1.27
10.00 1.28
10.00 1.28
10.00 1.29
10.00 1.29
10.00 1.30
10.00 1.31
10.00 1.32
10.00 1.32
10.00 1.32
10.00 1.32
10.00 1.32
10.00 1.33
10.00 1.34
10.00 1.35
10.00 1.36
10.00 1.36
10.00 1.37
10.00 1.37
10.00 1.38
10.00 1.38
10.00 1.39
10.00 1.40
10.00 1.41
10.00 1.41
10.00 1.42
10.00 1.42
10.00 1.42
10.00 1.42
10.00 1.44
10.00 1.44
10.00 1.45
10.00 1.46
10.00 1.46
10.00 1.46
10.00 1.47
10.00 1.48
10.00 1.48
10.00 1.49
10.00 1.49
10.00 1.50
10.00 1.51
10.00 1.52
10.00 1.52
10.00 1.53
10.00 1.53
10.00 1.54
10.00 1.55
10.00 1.56
10.00 1.56
10.00 1.57
10.00 1.58
10.00 1.58
10.00 1.59
10.00 1.59
10.00 1.59
10.00 1.59
10.00 1.61
10.00 1.62
10.00 1.62
10.00 1.63
10.00 1.63
10.00 1.64
10.00 1.65
10.00 1.65
10.00 1.66
10.00 1.67
10.00 1.67
10.00 1.68
10.00 1.68
10.00 1.69
10.00 1.70
10.00 1.70
10.00 1.71
10.00 1.71
10.00 1.72
10.00 1.73
10.00 1.74
10.00 1.74
10.00 1.75
10.00 1.75
10.00 1.76
10.00 1.76
10.00 1.77
10.00 1.78
10.00 1.79
10.00 1.79
10.00 1.80
10.00 1.80
10.00 1.81
10.00 1.82
10.00 1.82
10.00 1.83
10.00 1.84
10.00 1.84
10.00 1.84
10.00 1.85
10.00 1.85
10.00 1.86
10.00 1.86
10.00 1.88
10.00 1.89
10.00 1.90
10.00 1.90
10.00 1.91
10.00 1.91
10.00 1.92
10.00 1.92
10.00 1.93
10.00 1.94
10.00 1.95
10.00 1.95
10.00 1.95
10.00 1.95
10.00 1.97
10.00 1.98
10.00 1.98
10.00 1.99
10.00 1.99
10.00 2.00
10.00 2.01
10.00 2.02
10.00 2.02
10.00 2.03
10.00 2.03
10.00 2.04
10.00 2.05
10.00 2.05
10.00 2.06
10.00 2.07
10.00 2.07
10.00 2.08
10.00 2.08
10.00 2.10
10.00 2.10
10.00 2.11
10.00 2.12
10.00 2.13
10.00 2.13
10.00 2.14
10.00 2.14
10.00 2.15
10.00 2.16
10.00 2.16
10.00 2.17
10.00 2.18
10.00 2.18
10.00 2.19
10.00 2.20
10.00 2.20
10.00 2.21
10.00 2.21
10.00 2.22
10.00 2.22
10.00 2.24
10.00 2.25
10.00 2.26
10.00 2.26
10.00 2.27
10.00 2.27
10.00 2.28
10.00 2.28
10.00 2.29
10.00 2.30
10.00 2.30
10.00 2.31
10.00 2.32
10.00 2.32
10.00 2.34
10.00 2.34
10.00 2.35
10.00 2.35
10.00 2.36
10.00 2.37
10.00 2.37
10.00 2.37
10.00 2.39
10.00 2.40
10.00 2.40
10.00 2.41
10.00 2.42
10.00 2.42
10.00 2.42
10.00 2.42
10.00 2.45
10.00 2.46
10.00 2.47
10.00 2.47
10.00 2.48
10.00 2.49
10.00 2.49
10.00 2.50
10.00 2.50
10.00 2.51
10.00 2.52
10.00 2.52
10.00 2.54
10.00 2.54
10.00 2.55
10.00 2.56
10.00 2.56
10.00 2.57
10.00 2.57
10.00 2.57
10.00 2.59
10.00 2.60
10.00 2.60
10.00 2.61
10.00 2.61
10.00 2.62
10.00 2.64
10.00 2.64
10.00 2.64
10.00 2.65
10.00 2.65
10.00 2.67
10.00 2.68
10.00 2.68
10.00 2.69
10.00 2.70
10.00 2.71
10.00 2.71
10.00 2.72
10.00 2.72
10.00 2.73
10.00 2.73
10.00 2.74
10.00 2.76
10.00 2.76
10.00 2.76
10.00 2.77
10.00 2.77
10.00 2.79
10.00 2.80
10.00 2.80
10.00 2.81
10.00 2.81
10.00 2.82
10.00 2.83
10.00 2.84
10.00 2.84
10.00 2.86
10.00 2.86
10.00 2.87
10.00 2.88
10.00 2.89
10.00 2.89
10.00 2.90
10.00 2.91
10.00 2.91
10.00 2.91
10.00 2.92
10.00 2.93
10.00 2.93
10.00 2.94
10.00 2.95
10.00 2.95
10.00 2.96
10.00 2.97
10.00 2.97
10.00 2.99
10.00 3.00
10.00 3.00
10.00 3.01
10.00 3.02
10.00 3.02
10.00 3.03
10.00 3.04
10.00 3.04
10.00 3.04
10.00 3.04
10.00 3.04
10.00 3.06
10.00 3.06
10.00 3.07
10.00 3.08
10.00 3.09
10.00 3.09
10.00 3.10
10.00 3.11
10.00 3.13
10.00 3.13
10.00 3.14
10.00 3.16
10.00 3.17
10.00 3.18
10.00 3.19
10.00 3.21
10.00 3.22
10.00 3.23
10.00 3.24
10.00 3.25
10.00 3.27
10.00 3.27
10.00 3.28
10.00 3.29
10.00 3.30
10.00 3.31
10.00 3.31
10.00 3.33
10.00 3.33
10.00 3.34
10.00 3.35
10.00 3.35
10.00 3.36
10.00 3.36
10.00 3.37
10.00 3.38
10.00 3.38
10.00 3.39
10.00 3.39
10.00 3.41
10.00 3.42
10.00 3.42
10.00 3.43
10.00 3.44
10.00 3.45
10.00 3.45
10.00 3.46
10.00 3.46
10.00 3.47
10.00 3.49
10.00 3.49
10.00 3.50
10.00 3.51
10.00 3.51
10.00 3.51
10.00 3.52
10.00 3.52
10.00 3.53
10.00 3.53
10.00 3.53
10.00 3.53
10.00 3.53
10.00 3.53
10.00 3.53
10.00 3.53
10.00 3.54
10.00 3.55
10.00 3.55
10.00 3.55
10.00 3.55
10.00 3.55
10.00 3.56
10.00 3.58
10.00 3.58
10.00 3.59
10.00 3.59
10.00 3.60
10.00 3.61
10.00 3.63
10.00 3.63
10.00 3.63
10.00 3.64
10.00 3.66
10.00 3.67
10.00 3.68
10.00 3.70
10.00 3.71
10.00 3.72
10.00 3.73
10.00 3.74
10.00 3.76
10.00 3.77
10.00 3.78
10.00 3.78
10.00 3.79
10.00 3.80
10.00 3.81
10.00 3.83
10.00 3.84
10.00 3.85
10.00 3.87
10.00 3.88
10.00 3.89
10.00 3.90
10.00 3.92
10.00 3.93
10.00 3.94
10.00 3.95
10.00 3.97
10.00 3.98
10.00 3.99
10.00 4.01
10.00 4.02
10.00 4.03
10.00 4.04
10.00 4.06
10.00 4.07
10.00 4.08
10.00 4.10
10.00 4.11
10.00 4.12
10.00 4.14
10.00 4.15
10.00 4.16
10.00 4.17
10.00 4.17
10.00 4.18
10.00 4.18
10.00 4.20
10.00 4.21
10.00 4.22
10.00 4.22
10.00 4.24
10.00 4.24
10.00 4.25
10.00 4.26
10.00 4.26
10.00 4.27
10.00 4.28
10.00 4.29
10.00 4.29
10.00 4.31
10.00 4.31
10.00 4.32
10.00 4.32
10.00 4.33
10.00 4.34
10.00 4.34
10.00 4.36
10.00 4.37
10.00 4.37
10.00 4.38
10.00 4.38
10.00 4.38
10.00 4.41
10.00 4.42
10.00 4.42
10.00 4.43
10.00 4.44
10.00 4.44
10.00 4.46
10.00 4.46
10.00 4.47
10.00 4.47
10.00 4.48
10.00 4.49
10.00 4.51
10.00 4.51
10.00 4.52
10.00 4.52
10.00 4.53
10.00 4.53
10.00 4.54
10.00 4.56
10.00 4.57
10.00 4.57
10.00 4.58
10.00 4.58
10.00 4.60
10.00 4.60
10.00 4.61
10.00 4.61
10.00 4.62
10.00 4.64
10.00 4.64
10.00 4.65
10.00 4.65
10.00 4.66
10.00 4.66
10.00 4.68
10.00 4.68
10.00 4.69
10.00 4.70
10.00 4.70
10.00 4.72
10.00 4.73
10.00 4.73
10.00 4.74
10.00 4.76
10.00 4.77
10.00 4.77
10.00 4.78
10.00 4.78
10.00 4.80
10.00 4.80
10.00 4.81
10.00 4.82
10.00 4.84
10.00 4.84
10.00 4.85
10.00 4.86
10.00 4.86
10.00 4.88
10.00 4.88
10.00 4.89
10.00 4.90
10.00 4.90
10.00 4.91
10.00 4.93
10.00 4.93
10.00 4.94
10.00 4.94
10.00 4.96
10.00 4.96
10.00 4.97
10.00 4.97
10.00 4.98
10.00 5.00
10.00 5.01
10.00 5.01
10.00 5.03
10.00 5.03
10.00 5.04
10.00 5.05
10.00 5.06
10.00 5.06
10.00 5.08
10.00 5.08
10.00 5.09
10.00 5.10
10.00 5.10
10.00 5.12
10.00 5.13
10.00 5.13
10.00 5.15
10.00 5.15
10.00 5.16
10.00 5.16
10.00 5.17
10.00 5.19
10.00 5.20
10.00 5.20
10.00 5.21
10.00 5.21
10.00 5.22
10.00 5.24
10.00 5.24
10.00 5.24
10.00 5.25
10.00 5.26
10.00 5.28
10.00 5.29
10.00 5.29
10.00 5.29
10.00 5.30
10.00 5.32
10.00 5.33
10.00 5.33
10.00 5.35
10.00 5.36
10.00 5.37
10.00 5.37
10.00 5.39
10.00 5.39
10.00 5.40
10.00 5.40
10.00 5.41
10.00 5.43
10.00 5.44
10.00 5.44
10.00 5.46
10.00 5.46
10.00 5.47
10.00 5.47
10.00 5.48
10.00 5.48
10.00 5.50
10.00 5.51
10.00 5.51
10.00 5.52
10.00 5.54
10.00 5.54
10.00 5.55
10.00 5.55
10.00 5.57
10.00 5.58
10.00 5.59
10.00 5.59
10.00 5.61
10.00 5.61
10.00 5.62
10.00 5.62
10.00 5.63
10.00 5.63
10.00 5.64
10.00 5.66
10.00 5.67
10.00 5.67
10.00 5.69
10.00 5.70
10.00 5.70
10.00 5.71
10.00 5.73
10.00 5.73
10.00 5.74
10.00 5.74
10.00 5.74
10.00 5.75
10.00 5.77
10.00 5.77
10.00 5.78
10.00 5.80
10.00 5.80
10.00 5.81
10.00 5.81
10.00 5.83
10.00 5.84
10.00 5.85
10.00 5.85
10.00 5.87
10.00 5.87
10.00 5.88
10.00 5.88
10.00 5.89
10.00 5.89
10.00 5.91
10.00 5.92
10.00 5.93
10.00 5.93
10.00 5.95
10.00 5.95
10.00 5.96
10.00 5.97
10.00 5.97
10.00 5.99
10.00 6.00
10.00 6.00
10.00 6.01
10.00 6.03
10.00 6.03
10.00 6.03
10.00 6.05
10.00 6.05
10.00 6.06
10.00 6.08
10.00 6.09
10.00 6.09
10.00 6.10
10.00 6.12
10.00 6.12
10.00 6.13
10.00 6.13
10.00 6.14
10.00 6.15
10.00 6.15
10.00 6.17
10.00 6.17
10.00 6.17
10.00 6.18
10.00 6.20
10.00 6.20
10.00 6.21
10.00 6.22
10.00 6.22
10.00 6.24
10.00 6.24
10.00 6.25
10.00 6.26
10.00 6.26
10.00 6.28
10.00 6.29
10.00 6.29
10.00 6.29
10.00 6.30
10.00 6.32
10.00 6.32
10.00 6.33
10.00 6.33
10.00 6.35
10.00 6.36
10.00 6.37
10.00 6.37
10.00 6.39
10.00 6.39
10.00 6.40
10.00 6.42
10.00 6.42
10.00 6.43
10.00 6.43
10.00 6.44
10.00 6.46
10.00 6.46
10.00 6.47
10.00 6.47
10.00 6.49
10.00 6.50
10.00 6.51
10.00 6.51
10.00 6.53
10.00 6.53
10.00 6.53
10.00 6.54
10.00 6.55
10.00 6.57
10.00 6.58
10.00 6.58
10.00 6.60
10.00 6.60
10.00 6.61
10.00 6.62
10.00 6.62
10.00 6.64
10.00 6.65
10.00 6.65
10.00 6.67
10.00 6.67
10.00 6.67
10.00 6.68
10.00 6.69
10.00 6.71
10.00 6.72
10.00 6.72
10.00 6.73
10.00 6.73
10.00 6.75
10.00 6.75
10.00 6.76
10.00 6.76
10.00 6.76
10.00 6.78
10.00 6.79
10.00 6.81
10.00 6.82
10.00 6.82
10.00 6.82
10.00 6.82
10.00 6.83
10.00 6.84
10.00 6.86
10.00 6.87
10.00 6.89
10.00 6.89
10.00 6.90
10.00 6.90
10.00 6.90
10.00 6.93
10.00 6.94
10.00 6.94
10.00 6.95
10.00 6.95
10.00 6.97
10.00 6.98
10.00 6.98
10.00 7.00
10.00 7.00
10.00 7.01
10.00 7.02
10.00 7.02
10.00 7.02
10.00 7.02
10.00 7.05
10.00 7.07
10.00 7.08
10.00 7.08
10.00 7.10
10.00 7.10
10.00 7.11
10.00 7.11
10.00 7.12
10.00 7.12
10.00 7.14
10.00 7.15
10.00 7.15
10.00 7.15
10.00 7.15
10.00 7.18
10.00 7.19
10.00 7.21
10.00 7.21
10.00 7.22
10.00 7.24
10.00 7.24
10.00 7.24
10.00 7.26
10.00 7.26
10.00 7.28
10.00 7.28
10.00 7.28
10.00 7.28
10.00 7.28
10.00 7.28
10.00 7.28
10.00 7.32
10.00 7.32
10.00 7.33
10.00 7.34
10.00 7.34
10.00 7.36
10.00 7.37
10.00 7.37
10.00 7.37
10.00 7.38
10.00 7.38
10.00 7.40
10.00 7.40
10.00 7.40
10.00 7.40
10.00 7.40
10.00 7.42
10.00 7.43
10.00 7.43
10.00 7.44
10.00 7.44
10.00 7.45
10.00 7.46
10.00 7.47
10.00 7.47
10.00 7.47
10.00 7.47
10.00 7.48
10.00 7.50
10.00 7.51
10.00 7.52
10.00 7.53
10.00 7.54
10.00 7.54
10.00 7.56
10.00 7.56
10.00 7.56
10.00 7.57
10.00 7.58
10.00 7.58
10.00 7.60
10.00 7.60
10.00 7.61
10.00 7.62
10.00 7.62
10.00 7.63
10.00 7.64
10.00 7.64
10.00 7.66
10.00 7.67
10.00 7.67
10.00 7.69
10.00 7.69
10.00 7.70
10.00 7.70
10.00 7.71
10.00 7.72
10.00 7.74
10.00 7.74
10.00 7.75
10.00 7.75
10.00 7.77
10.00 7.78
10.00 7.79
10.00 7.79
10.00 7.81
10.00 7.81
10.00 7.82
10.00 7.82
10.00 7.84
10.00 7.84
10.00 7.85
10.00 7.87
10.00 7.87
10.00 7.88
10.00 7.89
10.00 7.89
10.00 7.91
10.00 7.91
10.00 7.92
10.00 7.93
10.00 7.95
10.00 7.95
10.00 7.95
10.00 7.96
10.00 7.96
10.00 7.98
10.00 7.99
10.00 7.99
10.00 7.99
10.00 8.01
10.00 8.02
10.00 8.03
10.00 8.04
10.00 8.04
10.00 8.06
10.00 8.06
10.00 8.07
10.00 8.09
10.00 8.10
10.00 8.10
10.00 8.12
10.00 8.12
10.00 8.13
10.00 8.13
10.00 8.14
10.00 8.15
10.00 8.17
10.00 8.17
10.00 8.19
10.00 8.19
10.00 8.20
10.00 8.21
10.00 8.21
10.00 8.23
10.00 8.24
10.00 8.24
10.00 8.26
10.00 8.26
10.00 8.26
10.00 8.28
10.00 8.28
10.00 8.29
10.00 8.31
10.00 8.32
10.00 8.32
10.00 8.34
10.00 8.34
10.00 8.35
10.00 8.36
10.00 8.36
10.00 8.38
10.00 8.39
10.00 8.39
10.00 8.40
10.00 8.42
10.00 8.42
10.00 8.42
10.00 8.43
10.00 8.44
10.00 8.44
10.00 8.46
10.00 8.47
10.00 8.49
10.00 8.49
10.00 8.50
10.00 8.50
10.00 8.52
10.00 8.52
10.00 8.53
10.00 8.54
10.00 8.54
10.00 8.56
10.00 8.57
10.00 8.57
10.00 8.59
10.00 8.59
10.00 8.60
10.00 8.62
10.00 8.63
10.00 8.63
10.00 8.64
10.00 8.64
10.00 8.66
10.00 8.67
10.00 8.67
10.00 8.68
10.00 8.70
10.00 8.70
10.00 8.71
10.00 8.71
10.00 8.73
10.00 8.73
10.00 8.74
10.00 8.76
10.00 8.77
10.00 8.77
10.00 8.79
10.00 8.79
10.00 8.80
10.00 8.82
10.00 8.82
10.00 8.83
10.00 8.83
10.00 8.84
10.00 8.85
10.00 8.85
10.00 8.87
10.00 8.87
10.00 8.88
10.00 8.89
10.00 8.91
10.00 8.91
10.00 8.91
10.00 8.91
10.00 8.92
10.00 8.94
10.00 8.95
10.00 8.96
10.00 8.97
10.00 8.99
10.00 8.99
10.00 8.99
10.00 9.00
10.00 9.01
10.00 9.03
10.00 9.03
10.00 9.03
10.00 9.04
10.00 9.06
10.00 9.06
10.00 9.06
10.00 9.07
10.00 9.08
10.00 9.10
10.00 9.11
10.00 9.12
10.00 9.12
10.00 9.14
10.00 9.15
10.00 9.15
10.00 9.15
10.00 9.16
10.00 9.18
10.00 9.19
10.00 9.19
10.00 9.19
10.00 9.21
10.00 9.23
10.00 9.24
10.00 9.24
10.00 9.25
10.00 9.27
10.00 9.27
10.00 9.28
10.00 9.29
10.00 9.29
10.00 9.31
10.00 9.31
10.00 9.32
10.00 9.34
10.00 9.34
10.00 9.35
10.00 9.37
10.00 9.37
10.00 9.38
10.00 9.38
10.00 9.39
10.00 9.41
10.00 9.41
10.00 9.42
10.00 9.42
10.00 9.43
10.00 9.45
10.00 9.45
10.00 9.46
10.00 9.48
10.00 9.48
10.00 9.49
10.00 9.49
10.00 9.49
10.00 9.51
10.00 9.51
10.00 9.52
10.00 9.52
10.00 9.54
10.00 9.54
10.00 9.55
10.00 9.56
10.00 9.56
10.00 9.57
10.00 9.58
10.00 9.60
10.00 9.60
10.00 9.61
10.00 9.61
10.00 9.62
10.00 9.63
10.00 9.63
10.00 9.63
10.00 9.63
10.00 9.65
10.00 9.66
10.00 9.66
10.00 9.67
10.00 9.67
10.00 9.68
10.00 9.69
10.00 9.69
10.00 9.70
10.00 9.71
10.00 9.71
10.00 9.72
10.00 9.74
10.00 9.74
10.00 9.74
10.00 9.75
10.00 9.76
10.00 9.77
10.00 9.77
10.00 9.78
10.00 9.78
10.00 9.79
10.00 9.79
10.00 9.79
10.00 9.81
10.00 9.81
10.00 9.81
10.00 9.82
10.00 9.82
10.00 9.83
10.00 9.83
10.00 9.84
10.00 9.84
10.00 9.85
10.00 9.85
10.00 9.86
10.00 9.86
10.00 9.86
10.00 9.87
10.00 9.87
10.00 9.88
10.00 9.88
10.00 9.89
10.00 9.89
10.00 9.90
10.00 9.90
10.00 9.91
10.00 9.91
10.00 9.92
10.00 9.92
10.00 9.92
10.00 9.92
10.00 9.92
10.00 9.92
10.00 9.92
10.00 9.94
10.00 9.94
10.00 9.95
10.00 9.96
10.00 9.96
10.00 9.96
10.00 9.96
10.00 9.96
10.00 9.98
10.00 9.98
10.00 9.98
10.00 9.98
10.00 9.99
10.00 9.99
10.00 10.00
10.00 10.00
10.00 10.00
10.00 10.00
10.00 10.01
10.00 10.01
10.00 10.01
10.00 10.02
10.00 10.02
10.00 10.02
10.00 10.03
10.00 10.03
10.00 10.03
10.00 10.03
10.00 10.03
10.00 10.04
10.00 10.04
10.00 10.04
10.00 10.05
10.00 10.05
10.00 10.05
10.00 10.05
10.00 10.05
10.00 10.06
10.00 10.07
10.00 10.07
10.00 10.07
10.00 10.07
10.00 10.07
10.00 10.07
10.00 10.08
10.00 10.08
10.00 10.09
10.00 10.09
10.00 10.09
10.00 10.09
10.00 10.09
10.00 10.10
10.00 10.10
10.00 10.10
10.00 10.10
10.00 10.11
10.00 10.11
10.00 10.11
10.00 10.11
10.00 10.11
10.00 10.12
10.00 10.12
10.00 10.12
10.00 10.12
10.00 10.12
10.00 10.12
10.00 10.13
10.00 10.13
10.00 10.13
10.00 10.13
10.00 10.13
10.00 10.13
10.00 10.14
10.00 10.14
10.00 10.14
10.00 10.14
10.00 10.14
10.00 10.14
10.00 10.15
10.00 10.15
10.00 10.15
10.00 10.15
10.00 10.15
10.00 10.15
10.00 10.15
10.00 10.15
10.00 10.16
10.00 10.16
10.00 10.16
10.00 10.16
10.00 10.16
10.00 10.16
10.00 10.16
10.00 10.16
10.00 10.16
10.00 10.16
10.00 10.17
10.00 10.17
10.00 10.17
10.00 10.17
10.00 10.17
10.00 10.17
10.00 10.17
10.00 10.17
10.00 10.17
10.00 10.17
10.00 10.17
10.00 10.17
10.00 10.17
10.00 10.17
10.00 10.17
10.00 10.17
10.00 10.18
10.00 10.18
10.00 10.18
10.00 10.18
10.00 10.18
10.00 10.18
10.00 10.18
10.00 10.18
10.00 10.18
10.00 10.18
10.00 10.18
10.00 10.18
10.00 10.18
10.00 10.18
10.00 10.18
10.00 10.18
10.00 10.18
10.00 10.18
10.00 10.18
10.00 10.18
10.00 10.18
10.00 10.18
10.00 10.18
10.00 10.18
10.00 10.18
10.00 10.18
10.00 10.18
10.00 10.18
10.00 10.18
10.00 10.18
10.00 10.18
10.00 10.18
10.00 10.18
10.00 10.17
10.00 10.17
10.00 10.17
10.00 10.17
10.00 10.17
10.00 10.17
10.00 10.17
10.00 10.17
10.00 10.17
10.00 10.17
10.00 10.17
10.00 10.17
10.00 10.17
10.00 10.17
10.00 10.17
10.00 10.17
10.00 10.17
10.00 10.17
10.00 10.17
10.00 10.17
10.00 10.17
10.00 10.17
10.00 10.17
10.00 10.17
10.00 10.17
10.00 10.17
10.00 10.17
10.00 10.17
10.00 10.17
10.00 10.17
10.00 10.17
10.00 10.17
10.00 10.17
10.00 10.17
10.00 10.17
10.00 10.17
10.00 10.17
10.00 10.17
10.00 10.17
10.00 10.17
10.00 10.17
10.00 10.17
10.00 10.17
10.00 10.17
10.00 10.17
10.00 10.17
10.00 10.17
10.00 10.17
10.00 10.17
10.00 10.17
10.00 10.17
10.00 10.17
10.00 10.17
10.00 10.17
10.00 10.17
10.00 10.17
10.00 10.17
10.00 10.17
10.00 10.17
10.00 10.17
10.00 10.17
10.00 10.17
10.00 10.17
10.00 10.17
10.00 10.17
10.00 10.17
10.00 10.17
10.00 10.17
10.00 10.17
10.00 10.17
10.00 10.17
10.00 10.17
10.00 10.17
10.00 10.17
10.00 10.17
10.00 10.17
10.00 10.17
10.00 10.17
10.00 10.17
10.00 10.17
10.00 10.17
10.00 10.17
10.00 10.17
10.00 10.17
10.00 10.17
10.00 10.17
10.00 10.17
10.00 10.17
10.00 10.17
10.00 10.17
10.00 10.17
10.00 10.17
10.00 10.17
10.00 10.17
10.00 10.17
10.00 10.17
10.00 10.17
10.00 10.17
10.00 10.17
10.00 10.17
10.00 10.17
10.00 10.17
10.00 10.17
10.00 10.17
10.00 10.17
10.00 10.17
10.00 10.17
10.00 10.16
10.00 10.15
10.00 10.14
10.00 10.14
10.00 10.13
10.00 10.13
10.00 10.11
10.00 10.11
10.00 10.09
10.00 10.09
10.00 10.09
10.00 10.09
10.00 10.09
10.00 10.09
10.00 10.09
10.00 10.09
10.00 10.09
10.00 10.09
10.00 10.09
10.00 10.09
10.00 10.09
10.00 10.09
10.00 10.09
10.00 10.09
10.00 10.09
10.00 10.09
10.00 10.09
10.00 10.09
10.00 10.09
10.00 10.09
10.00 10.09
10.00 10.09
10.00 10.09
10.00 10.09
10.00 10.09
10.00 10.09
10.00 10.09
10.00 10.09
10.00 10.09
10.00 10.09
10.00 10.09
10.00 10.09
10.00 10.09
10.00 10.09
10.00 10.09
10.00 10.09
10.00 10.09
10.00 10.09
10.00 10.09
10.00 10.09
10.00 10.09
10.00 10.09
10.00 10.09
10.00 10.09
10.00 10.09
10.00 10.09
10.00 10.09
10.00 10.09
10.00 10.09
10.00 10.09
10.00 10.09
10.00 10.09
10.00 10.09
10.00 10.09
10.00 10.09
10.00 10.09
10.00 10.09
10.00 10.09
10.00 10.09
10.00 10.09
10.00 10.09
10.00 10.09
10.00 10.09
10.00 10.09
10.00 10.09
10.00 10.09
10.00 10.09
10.00 10.09
10.00 10.09
10.00 10.09
10.00 10.09
10.00 10.09
10.00 10.09
10.00 10.09
10.00 10.09
10.00 10.09
10.00 10.09
10.00 10.09
10.00 10.09
10.00 10.09
10.00 10.09
10.00 10.09
10.00 10.09
10.00 10.09
10.00 10.09
10.00 10.09
10.00 10.09
10.00 10.09
10.00 10.09
10.00 10.09
10.00 10.09
10.00 10.09
10.00 10.09
10.00 10.09
10.00 10.09
10.00 10.09
10.00 10.09
10.00 10.09
10.00 10.09
10.00 10.09
10.00 10.09
10.00 10.09
10.00 10.09
10.00 10.09
10.00 10.09
10.00 10.09
10.00 10.09
10.00 10.09
10.00 10.09
10.00 10.09
10.00 10.09
10.00 10.09
10.00 10.09
10.00 10.09
10.00 10.09
10.00 10.09
10.00 10.09
10.00 10.09
10.00 10.09
10.00 10.09
10.00 10.09
10.00 10.09
10.00 10.09
10.00 10.09
10.00 10.09
10.00 10.09
10.00 10.09
10.00 10.09
10.00 10.09
10.00 10.09
10.00 10.09
10.00 10.09
10.00 10.09
10.00 10.09
10.00 10.09
10.00 10.09
10.00 10.09
10.00 10.09
10.00 10.09
10.00 10.09
10.00 10.09
10.00 10.09
10.00 10.09
10.00 10.09
10.00 10.09
10.00 10.09
10.00 10.09
10.00 10.09
10.00 10.09
10.00 10.09
10.00 10.09
10.00 10.09
10.00 10.09
10.00 10.09
10.00 10.09
10.00 10.09
10.00 10.09
10.00 10.09
10.00 10.09
10.00 10.09
10.00 10.09
10.00 10.09
10.00 10.09
10.00 10.09
10.00 10.09
10.00 10.09
10.00 10.09
10.00 10.09
10.00 10.09
10.00 10.09
10.00 10.09
10.00 10.09
10.00 10.09
10.00 10.09
10.00 10.09
10.00 10.09
10.00 10.09
10.00 10.09
10.00 10.09
10.00 10.09
10.00 10.09
10.00 10.09
10.00 10.09
10.00 10.09
10.00 10.09
10.00 10.09
10.00 10.09
10.00 10.09
10.00 10.09
10.00 10.09
10.00 10.09
10.00 10.09
10.00 10.09
10.00 10.09
10.00 10.09
10.00 10.09
10.00 10.09
10.00 10.09
10.00 10.09
10.00 10.09
10.00 10.09
10.00 10.09
10.00 10.09
10.00 10.09
10.00 10.09
10.00 10.09
10.00 10.09
10.00 10.09
10.00 10.09
10.00 10.09
10.00 10.09
10.00 10.09
10.00 10.09
10.00 10.09
10.00 10.09
10.00 10.09
10.00 10.09
10.00 10.09
10.00 10.09
10.00 10.09
10.00 10.09
10.00 10.09
10.00 10.09
10.00 10.09
10.00 10.09
10.00 10.09
10.00 10.09
10.00 10.09
10.00 10.09
10.00 10.09
10.00 10.09
10.00 10.09
10.00 10.09
10.00 10.09
10.00 10.09
10.00 10.09
10.00 10.09
10.00 10.09
10.00 10.09
10.00 10.09
10.00 10.09
10.00 10.09
10.00 10.09
10.00 10.09
10.00 10.09
10.00 10.09
10.00 10.09
10.00 10.09
10.00 10.09
10.00 10.09
10.00 10.09
10.00 10.09
10.00 10.09
10.00 10.09
10.00 10.09
10.00 10.09
10.00 10.09
10.00 10.09
10.00 10.09
10.00 10.09
10.00 10.09
10.00 10.09
10.00 10.09
10.00 10.09
10.00 10.09
10.00 10.09
10.00 10.09
10.00 10.09
10.00 10.09
10.00 10.09
10.00 10.09
10.00 10.09
10.00 10.09
10.00 10.09
10.00 10.09
10.00 10.09
10.00 10.09
10.00 10.09
10.00 10.09
10.00 10.09
10.00 10.09
10.00 10.09
10.00 10.09
10.00 10.09
10.00 10.09
10.00 10.09
10.00 10.09
10.00 10.09
10.00 10.09
10.00 10.09
10.00 10.09
10.00 10.09
10.00 10.09
10.00 10.09
10.00 10.09
10.00 10.09
10.00 10.09
10.00 10.09
10.00 10.09
10.00 10.09
10.00 10.09
10.00 10.09
10.00 10.09
10.00 10.09
10.00 10.09
10.00 10.09
10.00 10.09
10.00 10.09
10.00 10.09
10.00 10.09
10.00 10.09
10.00 10.09
10.00 10.09
10.00 10.09
10.00 10.09
10.00 10.09
10.00 10.09
10.00 10.09
10.00 10.09
10.00 10.09
10.00 10.09
10.00 10.09
10.00 10.09
10.00 10.09
10.00 10.09
10.00 10.09
10.00 10.09
10.00 10.09
10.00 10.09
10.00 10.09
10.00 10.09
10.00 10.09
10.00 10.09
10.00 10.09
10.00 10.09
10.00 10.09
10.00 10.09
10.00 10.09
10.00 10.09
10.00 10.09
10.00 10.09
10.00 10.09
10.00 10.09
10.00 10.09
10.00 10.09
10.00 10.09
10.00 10.09
10.00 10.09
10.00 10.09
10.00 10.09
10.00 10.09
10.00 10.09
10.00 10.09
10.00 10.09
10.00 10.09
10.00 10.09
10.00 10.09
10.00 10.09
10.00 10.09
10.00 10.09
10.00 10.09
10.00 10.09
10.00 10.09
10.00 10.09
10.00 10.09
10.00 10.09
10.00 10.09
10.00 10.09
10.00 10.09
10.00 10.09
10.00 10.09
10.00 10.09
10.00 10.09
10.00 10.09
10.00 10.09
10.00 10.09
10.00 10.09
10.00 10.09
10.00 10.09
10.00 10.09
10.00 10.09
10.00 10.09
10.00 10.09
10.00 10.09
10.00 10.09
10.00 10.09
10.00 10.09
10.00 10.09
10.00 10.09
10.00 10.09
10.00 10.09
10.00 10.09
10.00 10.09
10.00 10.09
10.00 10.09
10.00 10.09
10.00 10.09
10.00 10.09
10.00 10.09
10.00 10.09
10.00 10.09
10.00 10.09
10.00 10.09
10.00 10.09
10.00 10.09
10.00 10.09
10.00 10.09
10.00 10.09
10.00 10.09
10.00 10.09
10.00 10.09
10.00 10.09
10.00 10.09
10.00 10.09
10.00 10.09
10.00 10.09
10.00 10.09
10.00 10.09
10.00 10.09
10.00 10.09
10.00 10.09
10.00 10.09
10.00 10.09
10.00 10.09
10.00 10.09
10.00 10.09
10.00 10.09
10.00 10.09
10.00 10.09
10.00 10.09
10.00 10.09
10.00 10.09
10.00 10.09
10.00 10.09
10.00 10.09
10.00 10.09
10.00 10.09
10.00 10.09
10.00 10.09
10.00 10.09
10.00 10.09
10.00 10.09
10.00 10.09
10.00 10.09
10.00 10.09
10.00 10.09
10.00 10.09
10.00 10.09
10.00 10.09
10.00 10.09
10.00 10.09
10.00 10.09
10.00 10.09
10.00 10.09
10.00 10.09
10.00 10.09
10.00 10.09
10.00 10.09
10.00 10.09
10.00 10.09
10.00 10.09
10.00 10.09
10.00 10.09
10.00 10.09
10.00 10.09
10.00 10.09
10.00 10.09
10.00 10.09
10.00 10.09
10.00 10.09
10.00 10.09
10.00 10.09
10.00 10.09
10.00 10.09
10.00 10.09
10.00 10.09
10.00 10.09
10.00 10.09
10.00 10.09
10.00 10.09
10.00 10.09
10.00 10.09
10.00 10.09
10.00 10.09
10.00 10.09
10.00 10.09
10.00 10.09
10.00 10.09
10.00 10.09
10.00 10.09
10.00 10.09
10.00 10.09
10.00 10.09
10.00 10.09
10.00 10.09
10.00 10.09
10.00 10.09
10.00 10.09
10.00 10.09
10.00 10.09
10.00 10.09
10.00 10.09
10.00 10.09
10.00 10.09
10.00 10.09
10.00 10.09
10.00 10.09
10.00 10.09
10.00 10.09
10.00 10.09
10.00 10.09
10.00 10.09
10.00 10.09
10.00 10.09
10.00 10.09
10.00 10.09
10.00 10.09
10.00 10.09
10.00 10.09
10.00 10.09
10.00 10.09
10.00 10.09
10.00 10.09
10.00 10.09
10.00 10.09
10.00 10.09
10.00 10.09
10.00 10.09
10.00 10.09
10.00 10.09
10.00 10.09
10.00 10.09
10.00 10.09
10.00 10.09
10.00 10.09
10.00 10.09
10.00 10.09
10.00 10.09
10.00 10.09
10.00 10.09
10.00 10.09
10.00 10.09
10.00 10.09
10.00 10.09
10.00 10.09
10.00 10.09
10.00 10.09
10.00 10.09
10.00 10.09
10.00 10.09
10.00 10.09
10.00 10.09
10.00 10.09
10.00 10.09
10.00 10.09
10.00 10.09
10.00 10.09
10.00 10.09
10.00 10.09
10.00 10.09
10.00 10.09
10.00 10.09
10.00 10.09
10.00 10.09
10.00 10.09
10.00 10.09
10.00 10.09
10.00 10.09
10.00 10.09
10.00 10.09
10.00 10.09
10.00 10.09
10.00 10.09
10.00 10.09
10.00 10.09
10.00 10.09
10.00 10.09
10.00 10.09
10.00 10.09
10.00 10.09
10.00 10.09
10.00 10.09
10.00 10.09
10.00 10.09
10.00 10.09
10.00 10.09
10.00 10.09
10.00 10.09
10.00 10.09
10.00 10.09
10.00 10.09
10.00 10.09
10.00 10.09
10.00 10.09
10.00 10.09
10.00 10.09
10.00 10.09
10.00 10.09
10.00 10.09
10.00 10.09
10.00 10.09
10.00 10.09
10.00 10.09
10.00 10.09
10.00 10.09
10.00 10.09
10.00 10.09
10.00 10.09
10.00 10.09
10.00 10.09
10.00 10.09
10.00 10.09
10.00 10.09
10.00 10.09
10.00 10.09
10.00 10.09
10.00 10.09
10.00 10.09
10.00 10.09
10.00 10.09
10.00 10.09
10.00 10.09
10.00 10.09
10.00 10.09
10.00 10.09
10.00 10.09
10.00 10.09
10.00 10.09
10.00 10.09
10.00 10.09
10.00 10.09
10.00 10.09
10.00 10.09
10.00 10.09
10.00 10.09
10.00 10.09
10.00 10.09
10.00 10.09
10.00 10.09
10.00 10.09
10.00 10.09
10.00 10.09
10.00 10.09
10.00 10.09
10.00 10.09
10.00 10.09
10.00 10.09
10.00 10.09
10.00 10.09
10.00 10.09
10.00 10.09
10.00 10.09
10.00 10.09
10.00 10.09
10.00 10.09
10.00 10.09
10.00 10.09
10.00 10.09
10.00 10.09
10.00 10.09
10.00 10.09
10.00 10.09
10.00 10.09
10.00 10.09
10.00 10.09
10.00 10.09
10.00 10.09
10.00 10.09
10.00 10.09
10.00 10.09
10.00 10.09
10.00 10.09
10.00 10.09
10.00 10.09
10.00 10.09
10.00 10.09
10.00 10.09
10.00 10.09
10.00 10.09
10.00 10.09
10.00 10.09
10.00 10.09
10.00 10.09
10.00 10.09
10.00 10.09
10.00 10.09
10.00 10.09
10.00 10.09
10.00 10.09
10.00 10.09
10.00 10.09
10.00 10.09
10.00 10.09
10.00 10.09
10.00 10.09
10.00 10.09
10.00 10.09
10.00 10.09
10.00 10.09
10.00 10.09
10.00 10.09
10.00 10.09
10.00 10.09
10.00 10.09
10.00 10.09
10.00 10.09
10.00 10.09
10.00 10.09
10.00 10.09
10.00 10.09
10.00 10.09
10.00 10.09
10.00 10.09
10.00 10.09
10.00 10.09
10.00 10.09
10.00 10.09
10.00 10.09
10.00 10.09
10.00 10.09
10.00 10.09
10.00 10.09
10.00 10.09
10.00 10.09
10.00 10.09
10.00 10.09
10.00 10.09
10.00 10.09
10.00 10.09
10.00 10.09
10.00 10.09
10.00 10.09
10.00 10.09
10.00 10.09
10.00 10.09
10.00 10.09
10.00 10.09
10.00 10.09
10.00 10.09
10.00 10.09
10.00 10.09
10.00 10.09
10.00 10.09
10.00 10.09
10.00 10.09
10.00 10.09
10.00 10.09
10.00 10.09
10.00 10.09
10.00 10.09
10.00 10.09
10.00 10.09
10.00 10.09
10.00 10.09
10.00 10.09
10.00 10.09
10.00 10.09
10.00 10.09
10.00 10.09
10.00 10.09
10.00 10.09
10.00 10.09
10.00 10.09
10.00 10.09
10.00 10.09
10.00 10.09
10.00 10.09
10.00 10.09
10.00 10.09
10.00 10.09
10.00 10.09
10.00 10.09
10.00 10.09
10.00 10.09
10.00 10.09
10.00 10.09
10.00 10.09
10.00 10.09
10.00 10.09
10.00 10.09
10.00 10.09
10.00 10.09
10.00 10.09
10.00 10.09
10.00 10.09
10.00 10.09
10.00 10.09
10.00 10.09
10.00 10.09
10.00 10.09
10.00 10.09
10.00 10.09
10.00 10.09
10.00 10.09
10.00 10.09
10.00 10.09
10.00 10.09
10.00 10.09
10.00 10.09
10.00 10.09
10.00 10.09
10.00 10.09
10.00 10.09
10.00 10.09
10.00 10.09
10.00 10.09
10.00 10.09
10.00 10.09
10.00 10.09
10.00 10.09
10.00 10.09
10.00 10.09
10.00 10.09
10.00 10.09
10.00 10.09
10.00 10.09
10.00 10.09
10.00 10.09
10.00 10.09
10.00 10.09
10.00 10.09
10.00 10.09
10.00 10.09
10.00 10.09
10.00 10.09
10.00 10.09
10.00 10.09
10.00 10.09
10.00 10.09
10.00 10.09
10.00 10.09
10.00 10.09
10.00 10.09
10.00 10.09
10.00 10.09
10.00 10.09
10.00 10.09
10.00 10.09
10.00 10.09
10.00 10.09
10.00 10.09
10.00 10.09
10.00 10.09
10.00 10.09
10.00 10.09
10.00 10.09
10.00 10.09
10.00 10.09
10.00 10.09
10.00 10.09
10.00 10.09
10.00 10.09
10.00 10.09
10.00 10.09
10.00 10.09
10.00 10.09
10.00 10.09
10.00 10.09
10.00 10.09
10.00 10.09
10.00 10.09
10.00 10.09
10.00 10.09
10.00 10.09
10.00 10.09
10.00 10.09
10.00 10.09
10.00 10.09
10.00 10.09
10.00 10.09
10.00 10.09
10.00 10.09
10.00 10.09
10.00 10.09
10.00 10.09
10.00 10.09
10.00 10.09
10.00 10.09
10.00 10.09
10.00 10.09
10.00 10.09
10.00 10.09
10.00 10.09
10.00 10.09
10.00 10.09
10.00 10.09
10.00 10.09
10.00 10.09
10.00 10.09
10.00 10.09
10.00 10.09
10.00 10.09
10.00 10.09
10.00 10.09
10.00 10.09
10.00 10.09
10.00 10.09
10.00 10.09
10.00 10.09
10.00 10.09
10.00 10.09
10.00 10.09
10.00 10.09
10.00 10.09
10.00 10.09
10.00 10.09
10.00 10.09
10.00 10.09
10.00 10.09
10.00 10.09
10.00 10.09
10.00 10.09
10.00 10.09
10.00 10.09
10.00 10.09
10.00 10.09
10.00 10.09
10.00 10.09
10.00 10.09
10.00 10.09
10.00 10.09
10.00 10.09
10.00 10.09
10.00 10.09
10.00 10.09
10.00 10.09
10.00 10.09
10.00 10.09
10.00 10.09
10.00 10.09
10.00 10.09
10.00 10.09
10.00 10.09
10.00 10.09
10.00 10.09
10.00 10.09
10.00 10.09
10.00 10.09
10.00 10.09
10.00 10.09
10.00 10.09
10.00 10.09
10.00 10.09
10.00 10.09
10.00 10.09
10.00 10.09
10.00 10.09
10.00 10.09
10.00 10.09
10.00 10.09
10.00 10.09
10.00 10.09
10.00 10.09
10.00 10.09
10.00 10.09
10.00 10.09
10.00 10.09
10.00 10.09
10.00 10.09
10.00 10.09
10.00 10.09
10.00 10.09
10.00 10.09
10.00 10.09
10.00 10.09
10.00 10.09
10.00 10.09
10.00 10.09
10.00 10.09
10.00 10.09
10.00 10.09
10.00 10.09
10.00 10.09
10.00 10.09
10.00 10.09
10.00 10.09
10.00 10.09
10.00 10.09
10.00 10.09
10.00 10.09
10.00 10.09
10.00 10.09
10.00 10.09
10.00 10.09
10.00 10.09
10.00 10.09
10.00 10.09
10.00 10.09
10.00 10.09
10.00 10.09
10.00 10.09
10.00 10.09
10.00 10.09
10.00 10.09
10.00 10.09
10.00 10.09
10.00 10.09
10.00 10.09
10.00 10.09
10.00 10.09
10.00 10.09
10.00 10.09
10.00 10.09
10.00 10.09
10.00 10.09
10.00 10.09
10.00 10.09
10.00 10.09
10.00 10.09
10.00 10.09
10.00 10.09
10.00 10.09
10.00 10.09
10.00 10.09
10.00 10.09
10.00 10.09
10.00 10.09
10.00 10.09
10.00 10.09
10.00 10.09
10.00 10.09
10.00 10.09
10.00 10.09
10.00 10.09
10.00 10.09
10.00 10.09
10.00 10.09
10.00 10.09
10.00 10.09
10.00 10.09
10.00 10.09
10.00 10.09
10.00 10.09
10.00 10.09
10.00 10.09
10.00 10.09
10.00 10.09
10.00 10.09
10.00 10.09
10.00 10.09
10.00 10.09
10.00 10.09
10.00 10.09
10.00 10.09
10.00 10.09
10.00 10.09
10.00 10.09
10.00 10.09
10.00 10.09
10.00 10.09
10.00 10.09
10.00 10.09
10.00 10.09
10.00 10.09
10.00 10.09
10.00 10.09
10.00 10.09
10.00 10.09
10.00 10.09
10.00 10.09
10.00 10.09
10.00 10.09
10.00 10.09
10.00 10.09
10.00 10.09
10.00 10.09
10.00 10.09
10.00 10.09
10.00 10.09
10.00 10.09
10.00 10.09
10.00 10.09
10.00 10.09
10.00 10.09
10.00 10.09
10.00 10.09
10.00 10.09
10.00 10.09
10.00 10.09
10.00 10.09
10.00 10.09
10.00 10.09
10.00 10.09
10.00 10.09
10.00 10.09
10.00 10.09
10.00 10.09
10.00 10.09
10.00 10.09
10.00 10.09
10.00 10.09
10.00 10.09
10.00 10.09
10.00 10.09
10.00 10.09
10.00 10.09
10.00 10.09
10.00 10.09
10.00 10.09
10.00 10.09
10.00 10.09
10.00 10.09
10.00 10.09
10.00 10.09
10.00 10.09
10.00 10.09
10.00 10.09
10.00 10.09
10.00 10.09
10.00 10.09
10.00 10.09
10.00 10.09
10.00 10.09
10.00 10.09
10.00 10.09
10.00 10.09
10.00 10.09
10.00 10.09
10.00 10.09
10.00 10.09
10.00 10.09
10.00 10.09
10.00 10.09
10.00 10.09
10.00 10.09
10.00 10.09
10.00 10.09
10.00 10.09
10.00 10.09
10.00 10.09
10.00 10.09
10.00 10.09
10.00 10.09
10.00 10.09
10.00 10.09
10.00 10.09
10.00 10.09
10.00 10.09
10.00 10.09
10.00 10.09
10.00 10.09
10.00 10.09
10.00 10.09
10.00 10.09
10.00 10.09
10.00 10.09
10.00 10.09
10.00 10.09
10.00 10.09
10.00 10.09
10.00 10.09
10.00 10.09
10.00 10.09
10.00 10.09
10.00 10.09
10.00 10.09
10.00 10.09
10.00 10.09
10.00 10.09
10.00 10.09
10.00 10.09
10.00 10.09
10.00 10.09
10.00 10.09
10.00 10.09
10.00 10.09
10.00 10.09
10.00 10.09
10.00 10.09
10.00 10.09
10.00 10.09
10.00 10.09
10.00 10.09
10.00 10.09
10.00 10.09
10.00 10.09
10.00 10.09
10.00 10.09
10.00 10.09
10.00 10.09
10.00 10.09
10.00 10.09
10.00 10.09
10.00 10.09
10.00 10.09
10.00 10.09
10.00 10.09
10.00 10.09
10.00 10.09
10.00 10.09
10.00 10.09
10.00 10.09
10.00 10.09
10.00 10.09
10.00 10.09
10.00 10.09
10.00 10.09
10.00 10.09
10.00 10.09
10.00 10.09
10.00 10.09
10.00 10.09
10.00 10.09
10.00 10.09
10.00 10.09
10.00 10.09
10.00 10.09
10.00 10.09
10.00 10.09
10.00 10.09
10.00 10.09
10.00 10.09
10.00 10.09
10.00 10.09
10.00 10.09
10.00 10.09
10.00 10.09
10.00 10.09
10.00 10.09
10.00 10.09
10.00 10.09
10.00 10.09
10.00 10.09
10.00 10.09
10.00 10.09
10.00 10.09
10.00 10.09
10.00 10.09
10.00 10.09
10.00 10.09
10.00 10.09
10.00 10.09
10.00 10.09
10.00 10.09
10.00 10.09
10.00 10.09
10.00 10.09
10.00 10.09
10.00 10.09
10.00 10.09
10.00 10.09
10.00 10.09
10.00 10.09
10.00 10.09
10.00 10.09
10.00 10.09
10.00 10.09
10.00 10.09
10.00 10.09
10.00 10.09
10.00 10.09
10.00 10.09
10.00 10.09
10.00 10.09
10.00 10.09
10.00 10.09
10.00 10.09
10.00 10.09
10.00 10.09
10.00 10.09
10.00 10.09
10.00 10.09
10.00 10.09
10.00 10.09
10.00 10.09
10.00 10.09
10.00 10.09
10.00 10.09
10.00 10.09
10.00 10.09
10.00 10.09
10.00 10.09
10.00 10.09
10.00 10.09
10.00 10.09
10.00 10.09
10.00 10.09
10.00 10.09
10.00 10.09
10.00 10.09
10.00 10.09
10.00 10.09
10.00 10.09
10.00 10.09
10.00 10.09
10.00 10.09
10.00 10.09
10.00 10.09
10.00 10.09
10.00 10.09
10.00 10.09
10.00 10.09
10.00 10.09
10.00 10.09
10.00 10.09
10.00 10.09
10.00 10.09
10.00 10.09
10.00 10.09
10.00 10.09
10.00 10.09
10.00 10.09
10.00 10.09
10.00 10.09
10.00 10.09
10.00 10.09
10.00 10.09
10.00 10.09
10.00 10.09
10.00 10.09
10.00 10.09
10.00 10.09
10.00 10.09
10.00 10.09
10.00 10.09
10.00 10.09
10.00 10.09
10.00 10.09
10.00 10.09
10.00 10.09
10.00 10.09
10.00 10.09
10.00 10.09
10.00 10.09
10.00 10.09
10.00 10.09
10.00 10.09
10.00 10.09
10.00 10.09
10.00 10.09
10.00 10.09
10.00 10.09
10.00 10.09
10.00 10.09
10.00 10.09
10.00 10.09
10.00 10.09
10.00 10.09
10.00 10.09
10.00 10.09
10.00 10.09
10.00 10.09
10.00 10.09
10.00 10.09
10.00 10.09
10.00 10.09
10.00 10.09
10.00 10.09
10.00 10.09
10.00 10.09
10.00 10.09
10.00 10.09
10.00 10.09
10.00 10.09
10.00 10.09
10.00 10.09
10.00 10.09
10.00 10.09
10.00 10.09
10.00 10.09
10.00 10.09
10.00 10.09
10.00 10.09
10.00 10.09
10.00 10.09
10.00 10.09
10.00 10.09
10.00 10.09
10.00 10.09
10.00 10.09
10.00 10.09
10.00 10.09
10.00 10.09
10.00 10.09
10.00 10.09
10.00 10.09
10.00 10.09
10.00 10.09
10.00 10.09
10.00 10.09
10.00 10.09
10.00 10.09
10.00 10.09
10.00 10.09
10.00 10.09
10.00 10.09
10.00 10.09
10.00 10.09
10.00 10.09
10.00 10.09
10.00 10.09
10.00 10.09
10.00 10.09
10.00 10.09
10.00 10.09
10.00 10.09
10.00 10.09
10.00 10.09
10.00 10.09
10.00 10.09
10.00 10.09
10.00 10.09
10.00 10.09
10.00 10.09
10.00 10.09
10.00 10.09
10.00 10.09
10.00 10.09
10.00 10.09
10.00 10.09
10.00 10.09
10.00 10.09
10.00 10.09
10.00 10.09
10.00 10.09
10.00 10.09
10.00 10.09
10.00 10.09
10.00 10.09
10.00 10.09
10.00 10.09
10.00 10.09
10.00 10.09
10.00 10.09
10.00 10.09
10.00 10.09
10.00 10.09
10.00 10.09
10.00 10.09
10.00 10.09
10.00 10.09
10.00 10.09
10.00 10.09
10.00 10.09
10.00 10.09
10.00 10.09
10.00 10.09
10.00 10.09
10.00 10.09
10.00 10.09
10.00 10.09
10.00 10.09
10.00 10.09
10.00 10.09
10.00 10.09
10.00 10.09
10.00 10.09
10.00 10.09
10.00 10.09
10.00 10.09
10.00 10.09
10.00 10.09
10.00 10.09
10.00 10.09
10.00 10.09
10.00 10.09
10.00 10.09
10.00 10.09
10.00 10.09
10.00 10.09
10.00 10.09
10.00 10.09
10.00 10.09
10.00 10.09
10.00 10.09
10.00 10.09
10.00 10.09
10.00 10.09
10.00 10.09
10.00 10.09
10.00 10.09
10.00 10.09
10.00 10.09
10.00 10.09
10.00 10.09
10.00 10.09
10.00 10.09
10.00 10.09
10.00 10.09
10.00 10.09
10.00 10.09
10.00 10.09
10.00 10.09
10.00 10.09
10.00 10.09
10.00 10.09
10.00 10.09
10.00 10.09
10.00 10.09
10.00 10.09
10.00 10.09
10.00 10.09
10.00 10.09
10.00 10.09
10.00 10.09
10.00 10.09
10.00 10.09
10.00 10.09
10.00 10.09
10.00 10.09
10.00 10.09
10.00 10.09
10.00 10.09
10.00 10.09
10.00 10.09
10.00 10.09
10.00 10.09
10.00 10.09
10.00 10.09
10.00 10.09
10.00 10.09
10.00 10.09
10.00 10.09
10.00 10.09
10.00 10.09
10.00 10.09
10.00 10.09
10.00 10.09
10.00 10.09
10.00 10.09
10.00 10.09
10.00 10.09
10.00 10.09
10.00 10.09
10.00 10.09
10.00 10.09
10.00 10.09
10.00 10.09
10.00 10.09
10.00 10.09
10.00 10.09
10.00 10.09
10.00 10.09
10.00 10.09
10.00 10.09
10.00 10.09
10.00 10.09
10.00 10.09
10.00 10.09
10.00 10.09
10.00 10.09
10.00 10.09
10.00 10.09
10.00 10.09
10.00 10.09
10.00 10.09
10.00 10.09
10.00 10.09
10.00 10.09
10.00 10.09
10.00 10.09
10.00 10.09
10.00 10.09
10.00 10.09
10.00 10.09
10.00 10.09
10.00 10.09
10.00 10.09
10.00 10.09
10.00 10.09
10.00 10.09
10.00 10.09
10.00 10.09
10.00 10.09
10.00 10.09
10.00 10.09
10.00 10.09
10.00 10.09
10.00 10.09
10.00 10.09
10.00 10.09
10.00 10.09
10.00 10.09
10.00 10.09
10.00 10.09
10.00 10.09
10.00 10.09
10.00 10.09
10.00 10.09
10.00 10.09
10.00 10.09
10.00 10.09
10.00 10.09
10.00 10.09
10.00 10.09
10.00 10.09
10.00 10.09
10.00 10.09
10.00 10.09
10.00 10.09
10.00 10.09
10.00 10.09
10.00 10.09
10.00 10.09
10.00 10.09
10.00 10.09
10.00 10.09
10.00 10.09
10.00 10.09
10.00 10.09
10.00 10.09
10.00 10.09
10.00 10.09
10.00 10.09
10.00 10.09
10.00 10.09
10.00 10.09
10.00 10.09
10.00 10.09
10.00 10.09
10.00 10.09
10.00 10.09
10.00 10.09
10.00 10.09
10.00 10.09
10.00 10.09
10.00 10.09
10.00 10.09
10.00 10.09
10.00 10.09
10.00 10.09
10.00 10.09
10.00 10.09
10.00 10.09
10.00 10.09
10.00 10.09
10.00 10.09
10.00 10.09
10.00 10.09
10.00 10.09
10.00 10.09
10.00 10.09
10.00 10.09
10.00 10.09
10.00 10.09
10.00 10.09
10.00 10.09
10.00 10.09
10.00 10.09
10.00 10.09
10.00 10.09
10.00 10.09
10.00 10.09
10.00 10.09
10.00 10.09
10.00 10.09
10.00 10.09
10.00 10.09
10.00 10.09
10.00 10.09
10.00 10.09
10.00 10.09
10.00 10.09
10.00 10.09
10.00 10.09
10.00 10.09
10.00 10.09
10.00 10.09
10.00 10.09
10.00 10.09
10.00 10.09
10.00 10.09
10.00 10.09
10.00 10.09
10.00 10.09
10.00 10.09
10.00 10.09
10.00 10.09
10.00 10.09
10.00 10.09
10.00 10.09
10.00 10.09
10.00 10.09
10.00 10.09
10.00 10.09
10.00 10.09
10.00 10.09
10.00 10.09
10.00 10.09
10.00 10.09
10.00 10.09
10.00 10.09
10.00 10.09
10.00 10.09
10.00 10.09
10.00 10.09
10.00 10.09
10.00 10.09
10.00 10.09
10.00 10.09
10.00 10.09
10.00 10.09
10.00 10.09
10.00 10.09
10.00 10.09
10.00 10.09
10.00 10.09
10.00 10.09
10.00 10.09
10.00 10.09
10.00 10.09
10.00 10.09
10.00 10.09
10.00 10.09
10.00 10.09
10.00 10.09
10.00 10.09
10.00 10.09
10.00 10.09
10.00 10.09
10.00 10.09
10.00 10.09
10.00 10.09
10.00 10.09
10.00 10.09
10.00 10.09
10.00 10.09
10.00 10.09
10.00 10.09
10.00 10.09
10.00 10.09
10.00 10.09
10.00 10.09
10.00 10.09
10.00 10.09
10.00 10.09
10.00 10.09
10.00 10.09
10.00 10.09
10.00 10.09
10.00 10.09
10.00 10.09
10.00 10.09
10.00 10.09
10.00 10.09
10.00 10.09
10.00 10.09
10.00 10.09
10.00 10.09
10.00 10.09
10.00 10.09
10.00 10.09
10.00 10.09
10.00 10.09
10.00 10.09
10.00 10.09
10.00 10.09
10.00 10.09
10.00 10.09
10.00 10.09
10.00 10.09
10.00 10.09
10.00 10.09
10.00 10.09
10.00 10.09
10.00 10.09
10.00 10.09
10.00 10.09
10.00 10.09
10.00 10.09
10.00 10.09
10.00 10.09
10.00 10.09
10.00 10.09
10.00 10.09
10.00 10.09
10.00 10.09
10.00 10.09
10.00 10.09
10.00 10.09
10.00 10.09
10.00 10.09
10.00 10.09
10.00 10.09
10.00 10.09
10.00 10.09
10.00 10.09
10.00 10.09
10.00 10.09
10.00 10.09
10.00 10.09
10.00 10.09
10.00 10.09
10.00 10.09
10.00 10.09
10.00 10.09
10.00 10.09
10.00 10.09
10.00 10.09
10.00 10.09
10.00 10.09
10.00 10.09
10.00 10.09
10.00 10.09
10.00 10.09
10.00 10.09
10.00 10.09
10.00 10.09
10.00 10.09
10.00 10.09
10.00 10.09
10.00 10.09
10.00 10.09
10.00 10.09
10.00 10.09
10.00 10.09
10.00 10.09
10.00 10.09
10.00 10.09
10.00 10.09
10.00 10.09
10.00 10.09
10.00 10.09
10.00 10.09
10.00 10.09
10.00 10.09
10.00 10.09
10.00 10.09
10.00 10.09
10.00 10.09
10.00 10.09
10.00 10.09
10.00 10.09
10.00 10.09
10.00 10.09
10.00 10.09
10.00 10.09
10.00 10.09
10.00 10.09
10.00 10.09
10.00 10.09
10.00 10.09
10.00 10.09
10.00 10.09
10.00 10.09
10.00 10.09
10.00 10.09
10.00 10.09
10.00 10.09
10.00 10.09
10.00 10.09
10.00 10.09
10.00 10.09
10.00 10.09
10.00 10.09
10.00 10.09
10.00 10.09
10.00 10.09
10.00 10.09
10.00 10.09
10.00 10.09
10.00 10.09
10.00 10.09
10.00 10.09
10.00 10.09
10.00 10.09
10.00 10.09
10.00 10.09
10.00 10.09
10.00 10.09
10.00 10.09
10.00 10.09
10.00 10.09
10.00 10.09
10.00 10.09
10.00 10.09
10.00 10.09
10.00 10.09
10.00 10.09
10.00 10.09
10.00 10.09
10.00 10.09
10.00 10.09
10.00 10.09
10.00 10.09
10.00 10.09
10.00 10.09
10.00 10.09
10.00 10.09
10.00 10.09
10.00 10.09
10.00 10.09
10.00 10.09
10.00 10.09
10.00 10.09
10.00 10.09
10.00 10.09
10.00 10.09
10.00 10.09
10.00 10.09
10.00 10.09
10.00 10.09
10.00 10.09
10.00 10.09
10.00 10.09
10.00 10.09
10.00 10.09
10.00 10.09
10.00 10.09
10.00 10.09
10.00 10.09
10.00 10.09
10.00 10.09
10.00 10.09
10.00 10.09
10.00 10.09
10.00 10.09
10.00 10.09
10.00 10.09
10.00 10.09
10.00 10.09
10.00 10.09
10.00 10.09
10.00 10.09
10.00 10.09
10.00 10.09
10.00 10.09
10.00 10.09
10.00 10.09
10.00 10.09
10.00 10.09
10.00 10.09
10.00 10.09
10.00 10.09
10.00 10.09
10.00 10.09
10.00 10.09
10.00 10.09
10.00 10.09
10.00 10.09
10.00 10.09
10.00 10.09
10.00 10.09
10.00 10.09
10.00 10.09
10.00 10.09
10.00 10.09
10.00 10.09
10.00 10.09
10.00 10.09
10.00 10.09
10.00 10.09
10.00 10.09
10.00 10.09
10.00 10.09
10.00 10.09
10.00 10.09
10.00 10.09
10.00 10.09
10.00 10.09
10.00 10.09
10.00 10.09
10.00 10.09
10.00 10.09
10.00 10.09
10.00 10.09
10.00 10.09
10.00 10.09
10.00 10.09
10.00 10.09
10.00 10.09
10.00 10.09
10.00 10.09
10.00 10.09
10.00 10.09
10.00 10.09
10.00 10.09
10.00 10.09
10.00 10.09
10.00 10.09
10.00 10.09
10.00 10.09
10.00 10.09
10.00 10.09
10.00 10.09
10.00 10.09
10.00 10.09
10.00 10.09
10.00 10.09
10.00 10.09
10.00 10.09
10.00 10.09
10.00 10.09
10.00 10.09
10.00 10.09
10.00 10.09
10.00 10.09
10.00 10.09
10.00 10.09
10.00 10.09
10.00 10.09
10.00 10.09
10.00 10.09
10.00 10.09
10.00 10.09
10.00 10.09
10.00 10.09
10.00 10.09
10.00 10.09
10.00 10.09
10.00 10.09
10.00 10.09
10.00 10.09
10.00 10.09
10.00 10.09
10.00 10.09
10.00 10.09
10.00 10.09
10.00 10.09
10.00 10.09
10.00 10.09
10.00 10.09
10.00 10.09
10.00 10.09
10.00 10.09
10.00 10.09
10.00 10.09
10.00 10.09
10.00 10.09
10.00 10.09
10.00 10.09
10.00 10.09
10.00 10.09
10.00 10.09
10.00 10.09
10.00 10.09
10.00 10.09
10.00 10.09
10.00 10.09
10.00 10.09
10.00 10.09
10.00 10.09
10.00 10.09
10.00 10.09
10.00 10.09
10.00 10.09
10.00 10.09
10.00 10.09
10.00 10.09
10.00 10.09
10.00 10.09
10.00 10.09
10.00 10.09
10.00 10.09
10.00 10.09
10.00 10.09
10.00 10.09
10.00 10.09
10.00 10.09
10.00 10.09
10.00 10.09
10.00 10.09
10.00 10.09
10.00 10.09
10.00 10.09
10.00 10.09
10.00 10.09
10.00 10.09
10.00 10.09
10.00 10.09
10.00 10.09
10.00 10.09
10.00 10.09
10.00 10.09
10.00 10.09
10.00 10.09
10.00 10.09
10.00 10.09
10.00 10.09
10.00 10.09
10.00 10.09
10.00 10.09
10.00 10.09
10.00 10.09
10.00 10.09
10.00 10.09
10.00 10.09
10.00 10.09
10.00 10.09
10.00 10.09
10.00 10.09
10.00 10.09
10.00 10.09
10.00 10.09
10.00 10.09
10.00 10.09
10.00 10.09
10.00 10.09
10.00 10.09
10.00 10.09
10.00 10.09
10.00 10.09
10.00 10.09
10.00 10.09
10.00 10.09
10.00 10.09
10.00 10.09
10.00 10.09
10.00 10.09
10.00 10.09
10.00 10.09
10.00 10.09
10.00 10.09
10.00 10.09
10.00 10.09
10.00 10.09
10.00 10.09
10.00 10.09
10.00 10.09
10.00 10.09
10.00 10.09
10.00 10.09
10.00 10.09
10.00 10.09
10.00 10.09
10.00 10.09
10.00 10.09
10.00 10.09
10.00 10.09
10.00 10.09
10.00 10.09
10.00 10.09
10.00 10.09
10.00 10.09
10.00 10.09
10.00 10.09
10.00 10.09
10.00 10.09
10.00 10.09
10.00 10.09
10.00 10.09
10.00 10.09
10.00 10.09
10.00 10.09
10.00 10.09
10.00 10.09
10.00 10.09
10.00 10.09
10.00 10.09
10.00 10.09
10.00 10.09
10.00 10.09
10.00 10.09
10.00 10.09
10.00 10.09
10.00 10.09
10.00 10.09
10.00 10.09
10.00 10.09
10.00 10.09
10.00 10.09
10.00 10.09
10.00 10.09
10.00 10.09
10.00 10.09
10.00 10.09
10.00 10.09
10.00 10.09
10.00 10.09
10.00 10.09
10.00 10.09
10.00 10.09
10.00 10.09
10.00 10.09
10.00 10.09
10.00 10.09
10.00 10.09
10.00 10.09
10.00 10.09
10.00 10.09
10.00 10.09
10.00 10.09
10.00 10.09
10.00 10.09
10.00 10.09
10.00 10.09
10.00 10.09
10.00 10.09
10.00 10.09
10.00 10.09
10.00 10.09
10.00 10.09
10.00 10.09
10.00 10.09
10.00 10.09
10.00 10.09
10.00 10.09
10.00 10.09
10.00 10.09
10.00 10.09
10.00 10.09
10.00 10.09
10.00 10.09
10.00 10.09
10.00 10.09
10.00 10.09
10.00 10.09
10.00 10.09
10.00 10.09
10.00 10.09
10.00 10.09
10.00 10.09
10.00 10.09
10.00 10.09
10.00 10.09
10.00 10.09
10.00 10.09
10.00 10.09
10.00 10.09
10.00 10.09
10.00 10.09
10.00 10.09
10.00 10.09
10.00 10.09
10.00 10.09
10.00 10.09
10.00 10.09
10.00 10.09
10.00 10.09
10.00 10.09
10.00 10.09
10.00 10.09
10.00 10.09
10.00 10.09
10.00 10.09
10.00 10.09
10.00 10.09
10.00 10.09
10.00 10.09
10.00 10.09
10.00 10.09
10.00 10.09
10.00 10.09
10.00 10.09
10.00 10.09
10.00 10.09
10.00 10.09
10.00 10.09
10.00 10.09
10.00 10.09
10.00 10.09
10.00 10.09
10.00 10.09
10.00 10.09
10.00 10.09
10.00 10.09
10.00 10.09
10.00 10.09
10.00 10.09
10.00 10.09
10.00 10.09
10.00 10.09
10.00 10.09
10.00 10.09
10.00 10.09
10.00 10.09
10.00 10.09
10.00 10.09
10.00 10.09
10.00 10.09
10.00 10.09
10.00 10.09
10.00 10.09
10.00 10.09
10.00 10.09
10.00 10.09
10.00 10.09
10.00 10.09
10.00 10.09
10.00 10.09
10.00 10.09
10.00 10.09
10.00 10.09
10.00 10.09
10.00 10.09
10.00 10.09
10.00 10.09
10.00 10.09
10.00 10.09
10.00 10.09
10.00 10.09
10.00 10.09
10.00 10.09
10.00 10.09
10.00 10.09
10.00 10.09
10.00 10.09
10.00 10.09
10.00 10.09
10.00 10.09
10.00 10.09
10.00 10.09
10.00 10.09
10.00 10.09
10.00 10.09
10.00 10.09
10.00 10.09
10.00 10.09
10.00 10.09
10.00 10.09
10.00 10.09
10.00 10.09
10.00 10.09
10.00 10.09
10.00 10.09
10.00 10.09
10.00 10.09
10.00 10.09
10.00 10.09
10.00 10.09
10.00 10.09
10.00 10.09
10.00 10.09
10.00 10.09
10.00 10.09
10.00 10.09
10.00 10.09
10.00 10.09
10.00 10.09
10.00 10.09
10.00 10.09
10.00 10.09
10.00 10.09
10.00 10.09
10.00 10.09
10.00 10.09
10.00 10.09
10.00 10.09
10.00 10.09
10.00 10.09
10.00 10.09
10.00 10.09
10.00 10.09
10.00 10.09
10.00 10.09
10.00 10.09
10.00 10.09
10.00 10.09
10.00 10.09
10.00 10.09
10.00 10.09
10.00 10.09
10.00 10.09
10.00 10.09
10.00 10.09
10.00 10.09
10.00 10.09
10.00 10.09
10.00 10.09
10.00 10.09
10.00 10.09
10.00 10.09
10.00 10.09
10.00 10.09
10.00 10.09
10.00 10.09
10.00 10.09
10.00 10.09
10.00 10.09
10.00 10.09
10.00 10.09
10.00 10.09
10.00 10.09
10.00 10.09
10.00 10.09
10.00 10.09
10.00 10.09
10.00 10.09
10.00 10.09
10.00 10.09
10.00 10.09
10.00 10.09
10.00 10.09
10.00 10.09
10.00 10.09
10.00 10.09
10.00 10.09
10.00 10.09
10.00 10.09
10.00 10.09
10.00 10.09
10.00 10.09
10.00 10.09
10.00 10.09
10.00 10.09
10.00 10.09
10.00 10.09
10.00 10.09
10.00 10.09
10.00 10.09
10.00 10.09
10.00 10.09
10.00 10.09
10.00 10.09
10.00 10.09
10.00 10.09
10.00 10.09
10.00 10.09
10.00 10.09
10.00 10.09
10.00 10.09
10.00 10.09
10.00 10.09
10.00 10.09
10.00 10.09
10.00 10.09
10.00 10.09
10.00 10.09
10.00 10.09
10.00 10.09
10.00 10.09
10.00 10.09
10.00 10.09
10.00 10.09
10.00 10.09
10.00 10.09
10.00 10.09
10.00 10.09
10.00 10.09
10.00 10.09
10.00 10.09
10.00 10.09
10.00 10.09
10.00 10.09
10.00 10.09
10.00 10.09
10.00 10.09
10.00 10.09
10.00 10.09
10.00 10.09
10.00 10.09
10.00 10.09
10.00 10.09
10.00 10.09
10.00 10.09
10.00 10.09
10.00 10.09
10.00 10.09
10.00 10.09
10.00 10.09
10.00 10.09
10.00 10.09
10.00 10.09
10.00 10.09
10.00 10.09
10.00 10.09
10.00 10.09
10.00 10.09
10.00 10.09
10.00 10.09
10.00 10.09
10.00 10.09
10.00 10.09
10.00 10.09
10.00 10.09
10.00 10.09
10.00 10.09
10.00 10.09
10.00 10.09
10.00 10.09
10.00 10.09
10.00 10.09
10.00 10.09
10.00 10.09
10.00 10.09
10.00 10.09
10.00 10.09
10.00 10.09
10.00 10.09
10.00 10.09
10.00 10.09
10.00 10.09
10.00 10.09
10.00 10.09
10.00 10.09
10.00 10.09
10.00 10.09
10.00 10.09
10.00 10.09
10.00 10.09
10.00 10.09
10.00 10.09
10.00 10.09
10.00 10.09
10.00 10.09
10.00 10.09
10.00 10.09
10.00 10.09
10.00 10.09
10.00 10.09
10.00 10.09
10.00 10.09
10.00 10.09
10.00 10.09
10.00 10.09
10.00 10.09
10.00 10.09
10.00 10.09
10.00 10.09
10.00 10.09
10.00 10.09
10.00 10.09
10.00 10.09
10.00 10.09
10.00 10.09
10.00 10.09
10.00 10.09
10.00 10.09
10.00 10.09
10.00 10.09
10.00 10.09
10.00 10.09
10.00 10.09
10.00 10.09
10.00 10.09
10.00 10.09
10.00 10.09
10.00 10.09
10.00 10.09
10.00 10.09
10.00 10.09
10.00 10.09
10.00 10.09
10.00 10.09
10.00 10.09
10.00 10.09
10.00 10.09
10.00 10.09
10.00 10.09
10.00 10.09
10.00 10.09
10.00 10.09
10.00 10.09
10.00 10.09
10.00 10.09
10.00 10.09
10.00 10.09
10.00 10.09
10.00 10.09
10.00 10.09
10.00 10.09
10.00 10.09
10.00 10.09
10.00 10.09
10.00 10.09
10.00 10.09
10.00 10.09
10.00 10.09
10.00 10.09
10.00 10.09
10.00 10.09
10.00 10.09
10.00 10.09
10.00 10.09
10.00 10.09
10.00 10.09
10.00 10.09
10.00 10.09
10.00 10.09
10.00 10.09
10.00 10.09
10.00 10.09
10.00 10.09
10.00 10.09
10.00 10.09
10.00 10.09
10.00 10.09
10.00 10.09
10.00 10.09
10.00 10.09
10.00 10.09
10.00 10.09
10.00 10.09
10.00 10.09
